% Données issues de : 

%Didier Piau
%
%Université Grenoble Alpes
%Institut Fourier UMR 5582 UGA-CNRS
%100 rue des Maths, BP 74, 38402 Saint Martin d'Héres 
%
%https://www-fourier.univ-grenoble-alpes.fr/~dpiau/enseignement.html
%
%Voir chapitre 1  de l'UE MAT127 disponibles sur https://www-fourier.univ-grenoble-alpes.fr/~dpiau/mat127.html
%en particulier sur 
%https://www-fourier.univ-grenoble-alpes.fr/~dpiau/mat127/chapitre1.pdf

%statistiques concernant la population du Canada
%dates ti
t=[1851 1861 1871 1881 1891 1901 1911 1921 1931 1941 1951 1956 1961 1966 1971 1976 1981 1986 1991 1996 2001 2006];
%population en millions d'individu
y=[2.436297 3.229633 3.737257 4.381256 4.932206 5.418663 7.221662 8.800429 10.376379 11.506655 14.009429 16.080791 18.238247 20.014880 21.568305 22.992595 24.343177 25.309330 27.296856 28.846758 30.007094 31.612897];