% issues de > 
% j'ai fait 
% lh <- read.table("http://pbil.univ-lyon1.fr/R/donnees/lynxhare.txt",header=TRUE)
% sous R et copié-collé le résultat.
% ou télécharger
% http://pbil.univ-lyon1.fr/R/donnees/lynxhare.txt
Z=[...
%      t   Hare  Lynx
1  1845  19.58 30.09
2  1846  19.60 45.15
3  1847  19.61 49.15
4  1848  11.99 39.52
5  1849  28.04 21.23
6  1850  58.00  8.42
7  1851  74.60  5.56
8  1852  75.09  5.08
9  1853  88.48 10.17
10 1854  61.28 19.60
11 1855  74.67 32.91
12 1856  88.06 34.38
13 1857  68.51 29.59
14 1858  32.19 21.30
15 1859  12.64 13.69
16 1860  21.49  7.65
17 1861  30.35  4.08
18 1862   2.18  4.09
19 1863 152.65 14.33
20 1864 148.36 38.22
21 1865  85.81 60.78
22 1866  41.41 70.77
23 1867  14.75 72.77
24 1868   2.28 42.68
25 1869   5.91 16.39
26 1870   9.95  9.83
27 1871  10.44  5.80
28 1872  70.64  5.26
29 1873  50.12 18.91
30 1874  50.13 30.95
31 1875 101.25 31.18
32 1876  97.12 46.34
33 1877  86.51 45.77
34 1878  72.17 44.15
35 1879  38.32 36.33
36 1880  10.11 12.03
37 1881   7.74 12.60
38 1882   9.67 18.34
39 1883  43.12 35.14
40 1884  52.21 43.77
41 1885 134.85 65.69
42 1886 134.86 79.35
43 1887 103.79 51.65
44 1888  46.10 32.59
45 1889  15.03 22.45
46 1890  24.20 16.16
47 1891  41.65 14.12
48 1892  52.34 20.38
49 1893  53.78 33.33
50 1894  70.40 46.00
51 1895  85.81 51.41
52 1896  56.69 46.43
53 1897  16.59 33.68
54 1898   6.16 18.01
55 1899   2.30  8.86
56 1900  12.82  7.13
57 1901   4.72  9.47
58 1902   4.73 14.86
59 1903  37.22 31.47
60 1904  69.72 60.57
61 1905  57.78 63.51
62 1906  28.68 54.70
63 1907  23.37  6.30
64 1908  21.54  3.41
65 1909  26.34  5.44
66 1910  53.10 11.65
67 1911  68.48 20.35
68 1912  75.58 32.88
69 1913  57.92 39.55
70 1914  40.97 43.36
71 1915  24.95 40.83
72 1916  12.59 30.36
73 1917   4.97 17.18
74 1918   4.50  6.82
75 1919  11.21  3.19
76 1920  56.60  3.52
77 1921  69.63  9.94
78 1922  77.74 20.30
79 1923  80.53 31.99
80 1924  73.38 42.36
81 1925  36.93 49.08
82 1926   4.64 53.99
83 1927   2.54 52.25
84 1928   1.80 37.70
85 1929   2.39 19.14
86 1930   4.23  6.98
87 1931  19.52  8.31
88 1932  82.11 16.01
89 1933  89.76 24.82
90 1934  81.66 29.70
91 1935  15.76 35.40...
];
